lCAT-13b-lCAT-17g	0.337400	0.176859	-0.620000
lCAT-13a-lCAT-17g	0.314360	0.157184	-0.900000
lCAT-13e-lCAT-17g	2.311100	0.193452	0.220000
lCAT-4m-lCAT-4c	1.604783	0.306431	1.300000
lCAT-13k-lCAT-4d	-1.045290	0.224547	0.590000
lCAT-24-lCAT-17e	1.681260	0.123786	1.330000
lCAT-13g-lCAT-17g	1.850666	0.242212	-0.650000
lCAT-13d-lCAT-13h	0.691200	0.131033	0.840000
lCAT-13a-lCAT-17i	-1.070980	0.182116	-0.630000
lCAT-4m-lCAT-13j	2.148000	0.383986	0.420000
lCAT-13a-lCAT-13m	-0.246630	0.671162	0.080000
lCAT-4l-lCAT-13k	-2.859190	0.263212	-0.360000
lCAT-13o-lCAT-17i	-1.940760	0.303945	-0.930000
lCAT-4c-lCAT-4o	-0.975180	0.254491	-1.530000
lCAT-4j-lCAT-4o	-0.892300	0.113868	-0.360000
lCAT-4i-lCAT-13m	-1.766200	0.313614	-0.500000
lCAT-24-lCAT-17i	1.141220	0.112172	1.880000
lCAT-13j-lCAT-4o	-0.790100	0.460620	-0.650000
lCAT-4n-lCAT-13k	0.111330	0.246412	-0.610000
lCAT-4o-lCAT-4b	-1.480074	0.137636	-0.250000
lCAT-17i-lCAT-13f	0.031700	0.343859	0.380000
lCAT-17c-lCAT-17e	0.119819	0.209524	-0.160000
lCAT-13k-lCAT-4b	-0.592040	0.247767	0.070000
lCAT-4m-lCAT-4j	2.033150	0.099038	0.130000
lCAT-13n-lCAT-13k	-1.308480	0.204256	-1.160000
lCAT-13d-lCAT-17h	0.162160	0.168543	0.140000
lCAT-17b-lCAT-13d	-0.339570	0.153401	-0.450000
lCAT-4m-lCAT-4n	0.587300	0.112502	0.060000
lCAT-4m-lCAT-13k	0.868260	0.241894	-0.550000
lCAT-13c-lCAT-17i	-0.674350	0.217578	-0.150000
lCAT-4a-lCAT-4o	-0.528840	0.205464	-1.450000
lCAT-13h-lCAT-17i	-0.343520	0.217344	0.160000
lCAT-4o-lCAT-4d	-0.453664	0.217112	0.270000
lCAT-17g-lCAT-17c	-1.041630	0.154026	-0.120000
lCAT-4a-lCAT-13k	-0.845060	0.216724	-1.770000
lCAT-13d-lCAT-17d	2.906392	0.214896	1.050000
lCAT-17g-lCAT-17f	-1.138200	0.113174	0.320000
lCAT-13e-lCAT-17i	1.625549	0.221638	0.490000
lCAT-13d-lCAT-13b	0.771961	0.123700	1.350000
lCAT-17g-lCAT-13i	-2.219550	0.237231	0.470000
lCAT-4m-lCAT-13m	0.588080	0.231956	0.390000
lCAT-17g-lCAT-13c	-0.298750	0.213922	0.420000
lCAT-17i-lCAT-17a	-0.887910	0.177895	-1.260000
lCAT-13d-lCAT-13f	-0.193289	0.122055	1.380000
lCAT-17f-lCAT-17e	-0.594310	0.131945	-0.600000
lCAT-13d-lCAT-17a	-0.382180	0.057357	-0.260000
lCAT-17g-lCAT-17d	0.696600	0.105836	0.320000
lCAT-13n-lCAT-13a	-1.353780	0.139643	-0.300000
lCAT-13o-lCAT-17h	-2.396430	0.232806	-1.790000
lCAT-17b-lCAT-17e	0.368220	0.159156	0.000000
lCAT-4k-lCAT-4o	-1.355820	0.199425	-1.530000
lCAT-4m-lCAT-4l	3.244970	0.210288	-0.190000
lCAT-4m-lCAT-4k	2.654628	0.192644	1.300000
lCAT-13n-lCAT-4i	0.012100	0.274408	0.280000
lCAT-13g-lCAT-17i	0.201430	0.222478	-0.380000
lCAT-4p-lCAT-13k	0.940690	0.224008	0.380000
lCAT-4m-lCAT-4p	0.003180	0.132048	-0.930000
lCAT-13d-lCAT-13i	-0.613380	0.152696	1.200000
